7
4
3
8
1
1
2
2
13
23
3
2
3
27
3
5
5
5
5
5
5
5
4
6
9
2
3
9
50
6
7
6
4
5
29
38
5
3
5
5
5
5
5
5
5
5
17
3
23
18
6
1
1
31
13
5
915
44
28
33
59
3
11
4
73
38
23
35
83
21
204
8
6
15
108
2
473
87
52
40
1
8
4
6
58
85
10
105
10
23
1
2
16
34
9
11
3
17
13
2
3
1
20
535
36
14
6
3
3
14
13
13
13
13
13
13
11
11
11
11
18
18
18
9
16
19
16
19
19
1
7
4
11
26
1
6
78
5
5
4
67
16
26
16
35
12
6
3
2
2
284
87
6
862
27
17
5
215
1
4
2
34
1
72
6
61
99
18
1
1
1
1
1
1
1
1
5
4
57
163
2
61
7
46
66
82
45
38
39
77
38
39
77
12
9
5
8
24
185
4
4
3
3
5
5
5
5
5
3
3
2
2
4
4
4
4
4
8
8
3
3
3
3
1
4
2
2
4
1
1
4
2
2
4
1
119
22
14
3
2
8
8
7
22
3
17
1
1
1
12
1
1
4
1
1
3
3
3
3
3
3
3
3
3
3
3
3
3
3
3
3
3
3
3
3
3
3
3
3
3
18
6
19
9
38
38
1
1
17
174
1
7
7
7
7
7
12
8
2
2
2
2
2
3
3
3
3
3
2
10
212
493
41
379
2
8
7
10
10
10
2
17
30
6
2
2
9
4
4
1
3
5
6
12
73
212
30
30
30
30
30
30
43
44
44
16
9
14
33
11
2
2
11
7
7
4
4
10
2
2
2
2
10
2
2
2
2
10
14
14
14
14
4
4
4
4
6
6
2
6
4
2
6
4
2
6
2
2
14
21
21
3
1
1
1
1
1
1
1
1
20
20
293
305
7
38
126
17
126
161
45
45
45
45
45
90
90
45
90
270
270
1
76
20
54
2
2
2
2
2
2
1
1
1
1
1
1
1
2
2
27
1
16
10
6
8
4
1
10
10
6
1
1
1
14
14
14
14
14
14
7
7
13
11
11
6
2
2
2
2
2
2
1
1
1
2
3
2
4
3
2
3
12
12
12
12
12
12
12
12
12
3
3
3
3
3
3
3
3
3
15
15
15
15
15
15
15
15
15
5
4
3
5
4
3
5
4
3
5
4
3
5
4
3
5
4
3
5
4
3
5
4
3
5
4
3
3
3
3
3
3
3
3
3
3
4
4
4
4
4
4
4
4
4
4
4
4
4
4
4
2
2
2
2
2
2
2
3
3
3
3
3
3
3
3
3
3
3
3
5
13
13
14
4
4
11
4
4
4
4
4
4
4
4
4
1
5
5
6
4
2
2
2
2
6
6
6
5
1
3
4
4
4
4
4
4
4
4
4
4
4
4
4
4
4
4
4
4
4
4
4
2
2
2
32
3
6
18
17
17
3
5
5
3
3
3
3
3
3
3
3
3
8
2
8
8
1
13
10
10
10
10
10
10
10
10
10
8
6
6
6
6
6
6
6
6
6
3
3
3
3
3
2
15
5
5
5
5
5
5
5
5
5
5
5
3
3
3
3
3
3
3
3
3
3
2
2
2
4
3
4
4
4
4
4
4
4
4
4
4
4
4
4
4
4
4
4
4
4
4
4
4
2
2
2
2
4
4
4
4
4
4
4
8
12
12
12
12
12
12
12
12
12
12
12
12
12
12
3
3
3
3
3
3
3
3
4
3
3
4
3
4
3
4
3
4
3
4
3
4
3
4
4
4
4
4
4
4
4
3
3
3
4
3
2
3
3
2
6
152
54
9
6
85
2
9
9
9
9
9
9
9
9
9
9
9
9
9
9
6
9
18
4
3
1
1
1
1
1
4
4
4
4
4
11
11
11
11
11
11
11
11
12
11
11
11
11
11
11
3
3
3
3
3
3
3
3
3
3
3
3
3
3
3
3
3
3
3
3
3
3
2
5
5
5
5
5
5
5
5
5
5
5
5
13
2
4
2
2
2
2
2
2
2
2
2
2
3
3
3
3
3
3
1
3
4
3
3
3
1
4
4
4
3
3
3
2
2
2
6
6
6
6
25
6
2
8
4
4
21
9
1
3
5
15
6
9
9
9
9
9
9
9
4
4
4
4
4
4
4
4
4
4
2
2
2
2
2
2
2
2
2
2
2
3
2
3
3
7
6
4
4
4
4
4
4
4
4
4
4
4
4
5
5
4
3
3
3
4
3
3
3
3
3
3
3
6
6
6
6
6
3
4
3
1
3
3
3
3
3
3
3
1
10
3
3
1
3
15
4
4
3
3
3
3
3
4
3
4
3
3
3
3
3
3
3
3
3
3
3
3
3
4
3
3
3
3
3
6
4
5
5
5
5
5
5
5
5
5
5
5
5
5
6
6
6
6
6
6
6
6
6
6
6
6
6
6
6
6
6
6
6
6
6
6
6
6
6
3
3
6
6
6
5
5
5
5
5
5
5
3
7
7
7
7
7
7
7
7
7
7
7
7
7
4
2
2
4
3
7
4
4
4
4
4
4
4
4
4
4
4
4
4
4
4
4
4
4
4
4
4
4
4
4
4
4
4
4
4
4
4
4
35
3
3
3
3
3
3
3
3
3
3
3
3
3
3
3
3
3
3
3
3
3
3
3
16
45
16
40
2
3
2
3
3
4
4
4
4
4
3
3
3
3
3
2
4
4
4
3
3
4
3
7
7
10
7
7
7
10
5
4
1
1
1
1
2
1
1
1
1
1
1
3
2
2
2
1
1
2
2
2
2
2
1
21
100
51
2
1
5
7
3
14
14
28
3
3
6
2
6
1
4
2
2
2
1
6
1
4
2
3
4
4
4
1
1
1
110
110
13
93
12
3
26
1
3
4
6
3
1
1
6
7
2
4
14
5
2
31
6
3
2
144
4
2
1
7
41
41
41
41
41
7
7
150
1
1
3
2
38
38
38
38
38
38
38
38
38
38
3
1
1
38
38
38
38
38
38
38
38
38
38
3
1
1
55
10
14
5
38
38
92
19
8
12
3
5
28
1
1
4
40
5
2
80
1
64
117
139
121
77
84
68
66
65
60
38
2
3
2
2
12
1
35
23
2
4
3
1
3
1
3
4
11
1
3
5
39
39
39
39
39
35
35
35
35
35
26
26
26
26
25
115
12
12
12
12
56
56
28
28
28
28
28
28
4
4
4
4
4
4
4
4
4
4
4
4
4
4
4
7
12
2
1
1
1
21
1
2
2
5
18
18
1
14
2
1
1
14
31
15
8
38
25
1
2
12
1
2
5
1
20
7
40
4
7
2
